# Created by Octave 3.8.1, Wed Dec 17 15:17:08 2014 CET <us00852@usengl002>
# name: trainingError
# type: scalar
0.4230809945596101


# name: validationError
# type: scalar
0.4274968011250821


# name: testError
# type: scalar
0.4272011858365951


# name: bestLambda
# type: scalar
0.001


# name: bestNoHidden
# type: scalar
12


# name: BestParams
# type: matrix
# rows: 3181
# columns: 1
 0.1847118594147834
 0.136876975354383
 -0.1022157081221549
 -0.1002999288210719
 -0.115181251996236
 0.3809259410285747
 -0.4742688630066294
 -1.145652203662841
 -0.3264627414347985
 0.3618704269253603
 1.141333444544463
 -0.8918817700769829
 -0.1964191354080332
 0.3803445172734323
 -0.3243828918212873
 -0.7192871694814424
 -0.4025586724691476
 0.9238496104834822
 -0.6355071433409794
 -0.6178756324907605
 -0.05117851817266146
 0.3235825800430859
 0.6452980242351878
 -0.7536833853987315
 -0.16978685240051
 0.3725538773191432
 -0.1061041810117793
 -0.09128432251652639
 0.2277774232852583
 -0.2790381017596354
 0.07419476094028789
 -0.2752850104199852
 -0.1837481619278733
 -0.0330273586965091
 -0.0127330854551371
 0.293201511830908
 0.1008089594745895
 -0.04965301276479776
 0.1160791617161566
 -0.1914094177810581
 -0.05959124877561751
 -0.07964423100472758
 0.05081565183174004
 0.1983710649219966
 0.06197618044396873
 0.3715955363869587
 -0.2501066340971279
 0.224970508183761
 0.01262632820275769
 -0.0453536834539815
 -0.1200979235982821
 -0.04399050921105208
 -0.05867466180283511
 -0.1330442945547905
 0.1013187247220073
 0.2896347747152805
 0.1580536135383276
 0.2066224620100303
 -0.2989000994044466
 0.1857694638094616
 0.4367917079909656
 -0.117542016510401
 0.324357485011495
 -0.07254155164610358
 0.08972571899404742
 0.3606613539268525
 -0.3702107121042081
 -0.1327705855484242
 0.009111746409113608
 0.03479146638554802
 0.3905879120434516
 -1.011736905406222
 0.01019968778513947
 0.05899601958407068
 0.07157385369584778
 -0.05725431749385645
 -0.03220946284914011
 -0.09331180692124265
 0.1004378788190872
 0.133043373180005
 0.03344180473408982
 -0.09002982648894629
 -0.2046822452026128
 0.06254021907789152
 0.1617334518184115
 -0.4481165120830013
 0.2362984306317155
 0.5278719962429852
 0.3783895851382154
 -0.5694277238604564
 0.3461538094320393
 -0.5608215236983265
 0.05597917132092058
 -0.4807422119886373
 1.019134573372593
 0.06541601949555419
 -0.1734913775610179
 0.4713439867785632
 -0.3856059189719361
 -0.5713496493669544
 -0.5202092178060235
 0.9495487861652756
 -0.4825297634016207
 -0.6584862798500484
 0.1427602255035725
 0.4923652399011735
 0.6591569357828599
 -0.7008011274561416
 -0.05019306375544267
 0.334973025513997
 -0.1558695354330905
 -0.01798860681769502
 0.1590694444560002
 -0.257231136284604
 0.01361789357086527
 -0.270609484321205
 -0.3845618849987616
 -0.04542658570011198
 0.04096346397478824
 0.2303787411404089
 0.001534218629102991
 0.04812874830672288
 0.05858171539031541
 -0.04138996517175097
 -0.1360144986141691
 -0.02114788473571133
 0.09738979624769949
 0.1967119352713809
 0.02219497213548691
 0.3562511645227627
 -0.2311279400178431
 0.1825605175600212
 -0.2046702836278305
 -0.003341998162148629
 -0.2257583751878214
 0.0212173530423787
 0.02370794941193174
 -0.01531708370338867
 0.07490741523532053
 0.2953016847785236
 -0.05145958758021672
 0.08032425850720269
 -0.2899970157163191
 0.1162992887763127
 0.5212362284263869
 -0.06541945551762636
 0.260807209953455
 0.03760957200542434
 0.1783415592919528
 0.4425544615610885
 -0.573559087107864
 -0.129020308980783
 -0.1332942908103777
 0.0773978910789858
 0.3360224393666232
 -0.9799458610729461
 0.1692675521001924
 0.02247077702633794
 0.09266756188147807
 -0.08306237261519496
 -0.06569222980083543
 -0.06227539380553027
 0.1955380554214513
 0.1199098105255949
 -0.02404256096100341
 0.05007490913948196
 -0.175819960038498
 0.06708577025309143
 0.07018770798499564
 -0.407413743275314
 0.1862916900644174
 0.5394061481980914
 0.4034109921717481
 -0.4042469046159011
 0.3474287614603666
 -0.4946280439228824
 0.02251002143188869
 -0.4709485870234294
 0.9603314620268598
 0.05118367100792474
 -0.3494433215369397
 0.4624956856834551
 -0.3001913942379431
 -0.5839967084479839
 -0.4619052240973404
 0.9592475433907118
 -0.5573445757094185
 -0.6220178825104421
 0.0165205900556189
 0.4361655791666766
 0.6567873106331346
 -0.6324985402996407
 -0.07418940521687016
 0.3936275558270962
 -0.0978599791071047
 -0.0766380280628966
 0.1503760008884854
 -0.3082770842978235
 0.04234596476914029
 -0.2835367005183136
 -0.3047703019701315
 -0.2886710637198646
 -0.03301524595788311
 0.1743519727514011
 -0.05883747006339839
 0.0510421040521496
 0.06707929510908248
 -0.0850945602102294
 -0.01343499067242213
 -0.0001269548111330786
 0.05761417674728666
 0.1925346002260457
 -0.08962676417496376
 0.2519606546517236
 -0.2008438327999074
 0.2332022477487753
 -0.1201759327559085
 0.03505707685851291
 -0.01261223160343795
 0.02012281103898256
 -0.02004274738669994
 -0.06070031029573834
 0.06437411781604413
 0.2701626428675142
 0.04250522481652515
 0.08756861126950528
 -0.311710690381198
 0.1858221169786119
 0.4888036641438305
 -0.07460660205872693
 0.3587189303263141
 0.02970996387776503
 0.2520872356089086
 0.4590751523373557
 -0.5094558515009795
 -0.1573445663055964
 0.03087822447623823
 -0.1226465620330651
 0.379886075981217
 -0.9755614949302809
 -0.1616048828987224
 0.06406277438745915
 -0.1141576946315921
 0.01313558153427014
 -0.1336804495926985
 -0.08060536177127589
 0.04604726046336891
 0.1928373211054485
 0.1731387822180924
 0.0984069241681296
 -0.2724167912980092
 0.1842784949865715
 0.2051246072921445
 -0.549346235526726
 0.1473854185735025
 0.4718803560339445
 0.5109757799917567
 -0.4424039650470672
 0.2774954303036318
 -0.4950396225638624
 0.009633941290459372
 -0.4773161474168633
 1.013216575434606
 0.07571495809329057
 -0.2441376023847601
 0.3914670775924949
 -0.2636917569616089
 -0.6322278992397111
 -0.5666114377840842
 0.9230633659065194
 -0.595499851871177
 -0.5716451650704061
 0.09955707241062489
 0.575662781853408
 0.6436473791006452
 -0.703964938980179
 -0.09321467486027986
 0.3897560740194762
 -0.1789696139441862
 -0.1351587994415274
 0.06702442948138132
 -0.2828912596657228
 0.05116366837702208
 -0.2618802943814912
 -0.2361758560871965
 -0.009276736127122129
 0.05479699376235356
 0.2212489354353832
 -0.1224674591587057
 -0.01830321136017525
 -0.08922214722685017
 -0.1164095582087707
 -0.180566635034464
 -0.02863774756639399
 0.0570538537979968
 0.3067229441181799
 0.05146729943471093
 0.4188016043478026
 -0.230390560666593
 0.2170304522282909
 0.06184489645440221
 0.02444061077903364
 -0.027245206047465
 0.0006440902633741442
 -0.2047230232450145
 -0.1378323795698132
 0.03553018253750338
 0.3334278924495956
 0.1776589619759954
 0.1507013667626414
 -0.3848379421773596
 0.1036006045998918
 0.4559160125680143
 -0.1339494385352475
 0.4855602576902285
 -0.001950474934468291
 0.1851314468511781
 0.3843739797889911
 -0.6149583049529598
 -0.105785390161733
 0.04459200662454363
 -0.04870832887359149
 0.3319557855123778
 -1.03177075901842
 0.1339365309348098
 -0.003741504677686884
 -0.09318614171586145
 -0.009400841127678578
 -0.0296887912695806
 -0.132750682745291
 0.09171378248911299
 0.1340917374048595
 0.03944103917830162
 -0.03158552640518811
 -0.1380209702037173
 0.03605567152076237
 -0.03728844222570407
 -0.3843790096706856
 0.05573207692870739
 0.6734170843421969
 0.3179970673731126
 -0.5489524914021101
 0.2703158579066196
 -0.5010679578045734
 -0.04583488389577556
 -0.4897110534887429
 1.003870471178579
 0.003893252007162202
 -0.3741043806768204
 0.424847004564586
 -0.2956440039497197
 -0.5153540565779542
 -0.4986229354529385
 0.9903425730927427
 -0.6388474447287923
 -0.6556442229862247
 -0.09683941684889133
 0.3634574928801271
 0.6227854152456536
 -0.6975476394811588
 0.1064344180144212
 0.3008164388358227
 0.07123742290893802
 -0.08518774163075778
 0.09124000810704612
 -0.2723742672016185
