# Created by Octave 3.8.1, Tue Dec 09 22:31:55 2014 CET <us00852@usengl002>
# name: bestLambda
# type: scalar
10


# name: bestNoHidden
# type: scalar
10


# name: bestParams
# type: matrix
# rows: 2851
# columns: 1
 -0.0424990191805755
 0.0589089896675784
 -0.1611479319228741
 0.189636210955534
 -0.3865328830636828
 0.1424705247262884
 -0.1846903926980298
 -0.05959161840886135
 -0.2617786039483166
 -0.3379784041930769
 0.2090649556864495
 0.124103153113591
 -0.1589582064015024
 -0.05582972930057764
 -0.4564689689404514
 0.08756512573941642
 -0.02230592161558477
 0.006549044159376581
 0.05236985573626155
 0.1941659858121573
 -0.1429719010903341
 -0.09941667616538971
 0.0314887651186338
 0.09452871161271773
 -0.06651936562667202
 -0.00551804497278253
 -0.1506147612377366
 0.04153360362032664
 -0.1238653605624165
 -0.09559608508495816
 -0.1385033213194163
 -0.003280786654093733
 0.1215404244510309
 0.1485632615290245
 0.2050387956592704
 -0.006617234389237593
 0.05530931684952262
 -0.05198632251516735
 -0.07346764149865172
 -0.3088076819844316
 -0.1278412071624739
 0.01038599852583509
 0.1911920997418128
 -0.3173807889689002
 0.04011905589619357
 -0.09697278812777257
 -0.1177572177442323
 0.06398420001508305
 0.155591283260046
 0.1784657855131957
 0.01310873730865355
 -0.03106615414151789
 -0.06779329321389643
 0.05962556567815707
 0.01533964897714208
 -0.001971746484946336
 0.02419968546267381
 -0.03555501267495169
 0.01523672202171682
 0.03333668955288378
 0.1940314007417318
 0.02272948439912866
 -0.9133094658543597
 0.362724974060619
 0.1570132277951536
 -0.1418250598935441
 0.3857195047093135
 -0.1254048126759826
 -0.3708907535154605
 0.1341671683961003
 -0.2362860229134997
 -0.06219910141655311
 0.223832189428146
 -0.2065512941554438
 -0.6820476051272055
 0.2426988659263277
 0.02889509501455519
 0.0931936325256069
 0.3119704827020087
 -0.6180426109116652
 0.03754350037884619
 -0.1093374602872738
 -0.005785526590181972
 -0.168913301166451
 -0.1025874972011764
 0.05937559879114387
 0.051869351059795
 0.05003314466465028
 -0.002611627687171751
 -0.04671625155998996
 -0.03429904968143715
 0.3099005673305909
 0.04928154058496684
 0.4802947338885031
 -0.03226886164806457
 0.03214934723310102
 0.1715220405948167
 0.0154533295006055
 -0.3263454840337411
 -0.0300016184255452
 -0.001251749284756246
 -0.1784163697451115
 0.5465319469582248
 -0.239881399065302
 0.4463695970928233
 0.056017192757999
 -0.6584885355543321
 -0.0187725457854296
 0.01107333456618562
 0.2869680292258018
 0.008673288305162556
 0.1164754015136548
 -0.7953186021252459
 0.4736926352333446
 0.06039317290666778
 -0.1380787563984612
 0.1427776249699175
 -0.03461839012966936
 0.09070188645572674
 -0.07024718201176786
 0.02875337050883411
 -0.02718871039019268
 0.0636913910373465
 0.1316776349566032
 -0.07493755197376951
 -0.04062142292121382
 -0.03786878311295081
 -0.03863346004874829
 0.0230970661510687
 0.008461019034993607
 0.1199919932049206
 0.3932451951260853
 -1.348284758288543
 0.283851665303579
 -0.1734041377164568
 0.04829209339116564
 0.4575800256500828
 0.01195448670380306
 -0.2022568153974986
 -0.09366724533938933
 -0.1773532347564059
 -0.2794074628680407
 0.9289654410276975
 0.4026865053488887
 -0.4849006890243742
 0.1622840960236212
 -0.4439772763981071
 0.008466881424932829
 0.1337760226647106
 -0.5613987178477912
 0.04657275879869752
 0.003197174018491889
 0.3785766918411155
 -0.1081937766899613
 0.02935818306478447
 0.08196014898675422
 -0.0007234045588260744
 0.02184967195116446
 -0.009354265117648405
 -0.06064807927470107
 -0.1129208529727053
 0.04027194205908462
 0.691541397675479
 -0.7233593410762978
 0.5332208272426037
 -0.07621431417126079
 -0.1275531117849188
 -0.0138921418980438
 -0.1468989155109252
 0.4358020318271124
 -0.04888879289768283
 -0.1664938970092651
 -0.01497159962830353
 -0.1870029064472975
 -0.1640209575089135
 0.01246812136326314
 -0.2647997212771854
 0.09902091098944227
 0.05353672344043259
 0.0194889612694038
 -0.009647970203730791
 0.15685271671376
 -0.3089126772451436
 0.5091734493461055
 0.5109438502862437
 -0.1309353207025916
 -0.1457842284619911
 -0.05254998647711526
 0.08567947078349633
 0.2760420395296626
 0.05026858793908497
 -0.05822900440431853
 0.07746102384888834
 0.02768847581547914
 -0.03753650839626235
 0.06528925942455588
 0.1522855601111732
 0.04543127918734722
 -0.1009768860257524
 -0.01684483831876465
 -0.01247899126183529
 0.2908666470667433
 0.2006075761325066
 0.3351041913464035
 0.5126350639224828
 -0.07998990281204885
 0.09899332535496222
 0.02970028137621515
 -0.186984698668488
 0.6367627604311755
 -0.1486448081802963
 0.3479741342833279
 0.07872424180509047
 -0.5830284685820122
 -0.2461293957568323
 -0.01949554399038563
 -0.1156009298622271
 -0.06738408411450934
 0.1401531625031188
 -0.2851758458548981
 0.002638880830326321
 -0.03720125363426602
 0.1069864248882132
 -0.2467271970061441
 -0.1506376560757859
 0.01414301217413776
 0.1486290533811128
 -0.01413258644899101
 -0.07785046516305247
 -0.08432372271460198
 0.1641092097647384
 -0.3735221174277293
 0.02215176083014581
 0.4143754963614757
 -0.4958856323703344
 0.07677832859743411
 0.1429108571423212
 0.07787386130312381
 0.1532157339904748
 -0.3083552404197596
 -0.02984806403372343
 -0.3713018743067051
 -0.2058766184285752
 -0.3132522312840044
 -0.4636213256367943
 0.07965674057597391
 -0.3078908711444147
 0.01185041083994703
 -0.05577328903972226
 -0.385770248873067
 0.004377222728169587
 0.09180185461488177
 -0.1001522529504862
 0.3686672680869521
 0.133061311426584
 0.008093883788203166
 -0.1096030036678406
 0.04231430590719108
 -0.1739907976861974
 0.1599796096737582
 -0.02636121596309599
 -0.0352358759843245
 -0.204816228370641
 0.009775758060392993
 -0.1694018052344406
 -0.06269503155703141
 0.02782674804521028
 -0.02382586000714393
 0.04511352710495069
 -0.09023218011455837
 0.07365112558643262
 0.364629974815226
 -0.09737262757084546
 0.2040162091370391
 -0.2240384592004691
 -0.2199167673149472
 -0.1585797313307476
 -0.08533287380097239
 0.1453040956454737
 -0.1055588703196973
 -0.09594440596750839
 0.08065083716463238
 0.01468656007872414
 0.01439872634371895
 -0.06334891452496696
 0.04540812104845731
 0.2929087502744886
 0.06128567897136448
 0.001037713393286882
 -0.2199914137273025
 0.01011658794367387
 0.04167475571983372
 0.2649189758319438
 -0.09520951017072862
 0.02685849613818766
 0.02196106469917532
 0.03907667147448545
 -0.04773645222890426
 0.01861011569875129
 0.01079409138299702
 0.03624948052624158
 -0.4898569096626394
 -0.07847495001833407
 -0.6473620713085456
 0.2366348387301063
 0.1277494989471813
 -0.2422388747950791
 0.09714245094197596
 -0.007721516750597734
 0.235898982714501
 -0.03940185712725564
 -0.06917660723531287
 0.2125969805408726
 0.3445021973559053
 -0.2257031557959616
 0.00932982655000849
 0.06714366921028563
 0.01215436894463722
 -0.1047312420075485
 -0.1197017329047666
 0.06078830608382806
 0.2920439283233682
 -0.0574917358128097
 0.013815654244835
 -0.5056480462737155
 0.02692721825625351
 -0.09500640017034476
 0.00893571209729095
 -0.1009041232781756
 -0.4446374802043069
 0.03701759206246196
 0.0704299131961096
 0.1572797067201374
 0.008769413107339946
 -0.1155715555744197
 -0.02388025961255557
 -0.0532603831465607
 0.05620013640164596
 -0.06543232624680775
 -0.1285920861807679
 -0.02880106587106475
 -0.0156287149820205
 0.1115051602503599
 0.2552623856411678
 0.3537531459034312
 -0.01162675316658803
 0.06266832114809022
 -0.01258080376364793
 -0.5579733230872472
 0.04287131496006964
 -0.2296703202194899
 0.2559894983115572
 0.3048656752546863
 -0.1580728508735404
 0.1116281523136336
 -0.04909706117249513
 -0.06274330716066867
 -0.005582495289334017
 0.2331271014518367
 0.1247040594768791
 0.03348145560933299
 0.1009198902603822
 -0.2357791234801924
 -0.1373044074153582
 -0.2092969964109598
 -0.02820846667933222
 -0.1243488483006381
 -0.01588758917100833
 0.03281714178474501
 -0.2511276095364487
 0.04665044781631948
