# Created by Octave 3.8.1, Wed Dec 10 18:08:57 2014 CET <us00852@usengl002>
# name: trainingError
# type: scalar
2.810260875346093


# name: validationError
# type: scalar
2.862767525256102


# name: testError
# type: scalar
2.934827815381408


# name: bestLambda
# type: scalar
15.5108415226467


# name: bestNoHidden
# type: scalar
10


# name: bestParams
# type: matrix
# rows: 2851
# columns: 1
 -0.3172822078393773
 0.6372307435030142
 -0.152986442759136
 0.2556249992341703
 0.506113968542934
 -0.1384433109604876
 -0.04490687164991256
 -0.005156038717358145
 -0.1297929074096484
 0.02701471604154871
 -0.08506643596019166
 -0.1454382584600004
 -0.136836991997497
 -0.03294762181636649
 -0.04174975343012633
 -0.1307169984843579
 0.210724196427416
 -0.1834444302432535
 -0.001420732265668852
 -0.462646745983085
 -0.1362403126185369
 0.149643702985193
 -0.02182063106204965
 0.09285398444833157
 0.2131249713744278
 -0.01861295847624279
 -0.08103594074459847
 0.07218397152034568
 -0.03809617108090538
 -0.09158874611177027
 -0.1770473200165231
 0.2558312990485628
 -0.00152478904448518
 0.1148657351966799
 0.3107589106567627
 0.1116287425027233
 -0.1966115336371952
 0.2298535466471661
 -0.06132385743700142
 0.2379357546732175
 0.03387188330757709
 0.1667939678760365
 -0.08818899014843846
 -0.3072103809189771
 0.142527433100379
 -0.0787498006224877
 -0.005564314943498379
 0.1201674965037694
 0.2121822557846661
 -0.08043950161192658
 -0.0481082732908879
 0.009702304102622206
 -0.1234801312150727
 -0.2273201873080454
 -0.01894978297385585
 -0.1324800254073525
 -0.05511365806189269
 -0.1001060543894416
 0.009218299257664623
 -0.04768081115877059
 -0.02241931216420199
 -0.07624080481579339
 0.02204202191693071
 -0.3595826492859719
 -0.08115883692201913
 0.06282929495751371
 -0.02956226381942981
 -0.2467952228328461
 0.03173029931170086
 0.09642315076642902
 -0.3286728193045437
 -0.1237714454313832
 -0.0255058919113372
 -0.2093950796460112
 -0.08839582296747249
 -0.04623681351398871
 0.0621160704969733
 0.3129127046521444
 0.1057317311154797
 -0.1513639396969381
 -0.2328343192903635
 -0.03882959001322556
 0.06294254638033989
 0.3772520518690123
 0.1333026338175868
 -0.07510811466021637
 0.08841562524080339
 -0.03069531874731959
 -0.2304875854250038
 0.1042817094018387
 0.009652802020820993
 0.2822921633505696
 -0.00130976806844265
 0.2235967277425682
 0.1400201086605473
 0.0348977469821542
 -0.1316167512359484
 -0.0323828742060298
 0.1580217586544201
 0.06709452264205319
 0.5708248726071454
 0.3149433059733305
 0.1123543766426372
 0.1468366497909352
 0.3752317455172756
 -0.08004449557280907
 -0.1621078133722945
 0.04466138131529646
 -0.4223071711221705
 -0.4048498408967098
 0.1735812062149079
 0.16854703549926
 0.1568634671283758
 0.0514931714162206
 0.06053104200436383
 0.03903546161180284
 -0.09182421062946135
 0.1036917165800685
 -0.1111937079431429
 -0.1749737382381055
 -0.1784985926252471
 -0.0321520254077839
 -0.1201261321711206
 -0.1905717419045077
 -0.02514786500042358
 -0.06034061422808881
 -0.01203949395068181
 -0.1286274094612025
 -0.1750156824344063
 0.1101704585192415
 -0.00892673070648929
 -0.09435433718959484
 -0.09261326532822756
 -0.2689311206045062
 -0.1204643857746137
 0.03830217631627955
 0.01934710532710235
 -0.1728218341560496
 -0.1687886298565247
 -0.0945392619581175
 -0.3351548758683706
 -0.1908782575740155
 -0.1420691702288808
 -0.1160947247854348
 -0.170573010855602
 0.08796407249209399
 0.1332559858667384
 0.1791679955952248
 -0.01237375134686834
 -0.3010105044430427
 -0.1631795310815686
 0.0110473686463395
 -0.107449092762202
 0.3686745790179772
 0.102726668125547
 -0.2313374941252102
 0.121723430765939
 -0.184858200460394
 -0.1358813028291379
 -0.02875972331309513
 -0.02741066594314977
 0.2853619286469866
 -0.1303164618255842
 0.3347913595682774
 0.2118775811905075
 -0.02651412186424106
 0.09447778736906604
 0.1496930727140968
 0.6037689395700416
 0.6762247728443028
 0.1081996125458675
 0.3261877056698955
 0.03745585881903342
 0.05189007349031929
 0.4366803260197851
 0.1470402040386176
 -0.2057773547333044
 -0.1906375257277011
 -0.1083420874642649
 -0.210754454166441
 0.2558828324226157
 -0.05036711202129603
 -0.05486472288399405
 -0.1220393962893283
 0.1826324099828222
 0.1710910367970623
 -0.1007183529259233
 -0.123372811369139
 0.1938841389544602
 -0.1360439670346809
 -0.1762330144678262
 -0.1222879831899016
 -0.07414775862925711
 -0.01979813394626114
 0.1054152050606409
 0.05699606317435494
 0.03086948571694517
 -0.08187484570918883
 -0.0583643753591948
 -0.08095231098361708
 -0.206709907153398
 -0.03615207287327423
 0.07781481683069948
 -0.2502645454250566
 -0.01520072392266877
 0.01950483642242961
 0.05417072539899663
 -0.3410867714634271
 0.002621209322199118
 -0.136218749621688
 -0.2875449350638798
 0.03044869740173668
 -0.1846691319690779
 -0.1799845405793262
 0.005290072280735381
 0.02112671451605335
 -0.2390582949329928
 0.3955363511222155
 -0.1574777148673598
 0.07983369738988166
 -0.375537634654996
 -0.03327317087588179
 -0.1125879371973982
 0.3984685675821382
 0.09163878198274096
 -0.1388161044561997
 0.1624191486254222
 -0.1536011678343186
 -0.4432257396267007
 0.1308596259789076
 0.1506314276699309
 0.04876451754903045
 0.1055325920102721
 0.4236380185654615
 -0.01133101426520828
 -0.01010427713304212
 0.04084438354986551
 0.03011424798056275
 0.164177490459831
 0.1092004677340499
 0.2562272684028901
 0.3593245843515663
 0.1085793612275455
 0.009143138788361965
 0.3916847466121941
 -0.2447037265926746
 0.04964301640852749
 -0.005266669318917411
 -0.324959414389249
 -0.1235126666721639
 0.2895499737062796
 0.03140569612442213
 0.1075213435993221
 0.05456634552813569
 0.1103249820024002
 -0.08029464951481183
 -0.05852677412110547
 -0.1271569774842947
 -0.006149206360767295
 -0.2984303363181944
 -0.1715968589833483
 -0.1582834594261406
 -0.08390275066924507
 -0.1406949859279816
 0.011340311471507
 -0.1052122891271605
 0.01535719781156994
 -0.1342359530829616
 -0.06298344985048218
 -0.1113300844821781
 -0.3738770076263881
 0.02435693595290613
 -0.05956423309735705
 -0.1490688171285733
 -0.1060689852967422
 0.07227267874512787
 -0.1152826295538269
 -0.1414117797919854
 -0.1539974796018021
 -0.08045174761163289
 -0.1665657042467649
 -0.1455911461439826
 -0.0373722292135411
 -0.3220649747155165
 0.03027916156781933
 0.05376520734294479
 -0.04419635875639202
 0.05163760941571106
 -0.01596077507796653
 -0.1630359363022568
 -0.1367970376508776
 -0.002508026556621603
 0.005690297207420164
 0.2899899298894268
 0.04848498739994529
 -0.06401602809058919
 -0.05265217640208883
 0.0002246171694721759
 -0.2650249619979198
 0.1527048309279974
 0.08015279097912956
 0.2246851919255843
 -0.1004414837877882
 0.4156634420880236
 0.1114571578527113
 -0.02538148100482535
 -0.1874125625943852
 0.1124648431719953
 0.3219448631897327
 0.2479444552692703
 0.2404935140881085
 0.2677986937862309
 0.1091405338539856
 0.08165017172126643
 0.2532043986297574
 0.1259576184326144
 0.0943806539301576
 -0.06465753618401501
 -0.2008704843285911
 -0.0498988990570829
 0.3599361862372099
 0.08703271473398547
 0.0772872281549284
 -0.0520770661304978
 0.148259451760347
 0.04653069054287772
 -0.1029188464071741
 -0.03124807961072533
 0.1457782255734055
 0.08510447112542681
 -0.08853123466378371
 -0.04935217428479532
 -0.003624482681234933
 -0.1556199269850188
 0.06049740180719863
 -0.06169490200064837
 0.1242939833556295
 0.002094408303639562
 0.1219297086108181
 -0.03983820233273823
 -0.2127831718361909
 -7.878146481278058e-05
 -0.15053978264852
 -0.1519911358159051
 -0.1238881740451918
 -0.004604330942550189
 0.06629758651281702
 -0.2489061621517262
 0.03212656127208224
 -0.01641515126018371
 -0.1404511298590438
 0.06642436883318503
 -0.05674939115150706
 -0.1639637452088047
 -0.1365302467305833
 -0.1389230994809237
 0.06013747939001106
 0.05859231094795114
 -0.1262755214293401
 -0.08490928296826347
 -0.4341863195114785
 -0.05779175534158899
 -0.1928747380408586
