# Created by Octave 3.8.1, Fri Dec 26 21:29:46 2014 CET <us00852@usengl002>
# name: trainingError
# type: scalar
0.1326705480621105


# name: validationError
# type: scalar
0.2653007604456052


# name: testError
# type: scalar
0.2880265588145179


# name: bestC
# type: scalar
949.8179232281045


# name: bestNoHidden
# type: scalar
15


# name: BestParams
# type: matrix
# rows: 3421
# columns: 1
 -0.02793810490162848
 -0.04327482115752815
 0.03849693924858737
 -0.033594520375082
 0.01394458117017327
 -0.1156205883696173
 0.1610255214710105
 -0.04186740891752097
 -0.04978026694508202
 -0.05760141207093235
 -0.008217487492274569
 -0.02117644908614044
 -0.07567933529369145
 -0.07224799601830639
 -0.02356727914754566
 -0.02038756570668189
 -0.01238382193858229
 -0.01648656698420336
 -0.008228179155484391
 -0.01527557967247597
 -0.007226975995721913
 0.0107516021048265
 -0.01153519478668324
 -0.006457972497982132
 -0.01319330459925573
 -0.01060572209836139
 -0.00767750540524595
 -0.006190600487539925
 -0.004307198630346477
 -0.008332595518567918
 0.1725092989732839
 0.1364619350620517
 0.126566355123151
 0.08949360993694336
 0.1314469011070863
 0.06365537417620309
 -0.02827817412347913
 0.1089423991358923
 0.09970006280084871
 0.01740399939761844
 0.1188065112257882
 0.03220322035106275
 0.09644529257876087
 0.00399383689552717
 0.0973217688006518
 -0.007658376587333229
 -0.007888749547064837
 -0.01046841734066727
 -0.009063271343008642
 -0.01098495414064063
 -0.008933100703700918
 0.01237684864300741
 -0.01434844762959307
 -0.01118251622949658
 -0.01391050469557912
 -0.01227316961349996
 -0.01224212605924969
 -0.01454126874281257
 -0.006358390012446019
 -0.009470553438011828
 -0.1446767744284526
 -0.1116685747677149
 -0.103576716121528
 -0.07265430986832797
 -0.1128213107835024
 -0.05931960948589936
 0.03120303999882805
 -0.08994156567576546
 -0.08215005909220932
 -0.01727500699339366
 -0.09903969005978955
 -0.03136854879379587
 -0.07194391076609115
 -0.005167852539714527
 -0.08008416043532947
 0.01344770022058918
 0.01657671500434257
 0.01186926046099153
 0.0126550965793544
 0.01160045388585566
 0.007009950318893864
 0.00195627057514531
 0.01182761577984166
 0.009368030204198685
 0.002003886448798934
 0.01424933161480321
 0.007402769876758618
 0.01101000409741233
 -0.002785441672664193
 0.008100316460048483
 -0.03510249303445612
 -0.03432143242443501
 -0.03486881332012383
 -0.02708197417900319
 -0.03438388029518728
 -0.024863783608769
 0.01472349207538871
 -0.03747509837055132
 -0.02945379208114101
 -0.009342047284501548
 -0.03477003884706405
 -0.01646647500095613
 -0.03074214210815133
 -0.005981999511999293
 -0.03002711779416833
 0.2308432446172789
 0.1831740355689159
 0.1685083346178016
 0.1201932769898984
 0.1785253691620484
 0.09163931444231363
 -0.02036932892561746
 0.1513461609618691
 0.1407357253348414
 0.01519287055875051
 0.1642200766216091
 0.03490384062507407
 0.1295893187509023
 0.008869031669625512
 0.1273092482529363
 -0.03895488962983448
 -0.02981967283609924
 -0.03098567520212686
 -0.02598751085883675
 -0.02778587966813971
 -0.01912210591338248
 0.01065250081149793
 -0.02785430374027066
 -0.02785330304369206
 -0.00763373090950278
 -0.03091796337178461
 -0.008517668536343974
 -0.02169618224434098
 -0.0001196214265079083
 -0.02614567039528295
 -0.268637210774737
 -0.2276789166986939
 -0.2172679335316168
 -0.1695636978328535
 -0.2276153957482119
 -0.1332937337458478
 0.06184241384025834
 -0.2017979841454874
 -0.1861491253352986
 -0.0497286286933394
 -0.2118449087272198
 -0.07696439086896958
 -0.1732541231099682
 -0.02690917537873586
 -0.1725483150194587
 0.3148868249967111
 0.2509997562762696
 0.2349688558663922
 0.1711343895085139
 0.2436529071884866
 0.1315919294292868
 -0.05051127294308876
 0.2098182103326955
 0.189575667243507
 0.03263293936604533
 0.2277700636516714
 0.05587753207684909
 0.1748168837840503
 0.01360612644615667
 0.1757836801181156
 -0.2562635419389495
 -0.1914968394231573
 -0.1776116248948008
 -0.121868169274796
 -0.1914854385375187
 -0.0936976075517747
 0.03783978524481647
 -0.1612143740200943
 -0.1425502114252871
 -0.02431290241335445
 -0.171670172187725
 -0.04105812368035713
 -0.1286587397883118
 -0.00787635279138423
 -0.1288691906446854
 0.001033742358964477
 -0.0004235414819537715
 -0.002291293813036007
 -0.003913808136713261
 -0.003305210929636007
 0.0008314538076196227
 0.0002908223203031404
 -0.001463037940923712
 -0.003566897895763701
 0.004008703315892983
 -0.002651569455333756
 -0.002159758451826268
 0.003031065783820803
 -0.0007795363287549478
 0.00223227536569421
 -0.1081774107938838
 -0.0879377985335259
 -0.09024788699193997
 -0.07437260072403241
 -0.09162725721254478
 -0.05839723625942166
 0.03974340906324644
 -0.07990865992158992
 -0.07630766052427489
 -0.03064919157373006
 -0.08384003516103995
 -0.04244868839127876
 -0.06904397552931528
 -0.01534913847838513
 -0.07462603344011248
 -0.04626046438184327
 -0.03019249499148412
 -0.03011475786456019
 -0.01265946176249661
 -0.0257478934907759
 -0.01339204497191188
 0.009491204284484054
 -0.02043310471169927
 -0.01558572819772478
 -0.00528189120312446
 -0.02621450607401999
 -0.004307935096253255
 -0.01914266312627083
 -0.004431291099840383
 -0.0144033822313449
 0.09157201208934752
 0.07349720190435088
 0.06804553220781072
 0.05013146144428166
 0.06566500361074806
 0.03779760495753406
 -0.009686326346994067
 0.05535794546941006
 0.05818438682996507
 0.01134735780944892
 0.05999425860162677
 0.01424449412424079
 0.05207860935286247
 0.00508688468952352
 0.05301993975734186
 0.09052010185809739
 0.07394069735087394
 0.06142378551269853
 0.04067983600157334
 0.06451512285855349
 0.03203679799222154
 -0.004389682189643353
 0.05410936075714626
 0.05089328122132365
 0.003062487781934932
 0.05924158082459165
 0.01061167740308153
 0.04369038550616553
 -0.004557520891672127
 0.04837627542329517
 -0.04871154591351875
 -0.04082857532763116
 -0.03809948397145972
 -0.03393611268777319
 -0.04553998223826705
 -0.02082252932712318
 0.008352341637370106
 -0.03372991354816401
 -0.0355482532872687
 -0.01181006536458873
 -0.03972768050473701
 -0.01671867631970342
 -0.02983101498411278
 -0.004603538086973409
 -0.02832265607799509
 0.0003482729388170011
 0.002102620794323782
 -0.003219377834780313
 0.003972577675994147
 0.001780322115328915
 -0.001147332860513479
 0.003878872640197338
 -0.004310597959024441
 -0.0008404574251768451
 -0.002769010784863576
 0.001780031254513707
 0.0005529959751618443
 -0.0006575470383917396
 -0.002830232542046627
 0.001811089463802415
 0.0721147172246088
 0.05495920863665721
 0.04865993174928478
 0.03063893747364071
 0.05077294192068479
 0.02138326287648037
 -0.003946428021127468
 0.03905154605483328
 0.03715420945071699
 -0.004786148451771311
 0.05036303390790303
 -0.0004940861506575888
 0.03643346787219372
 -0.0009444356537232963
 0.03055432711978087
 0.03087509945940159
 0.03309839649342066
 0.02942105130074989
 0.02406787374379264
 0.02945672880355328
 0.02094216482458866
 -0.008682529095794951
 0.02105352841951732
 0.02504551236597267
 0.002341545071598576
 0.03200626795447934
 0.01259630637826675
 0.01880365301747897
 0.003482851030930523
 0.02500598958078559
 -0.2156261168154726
 -0.1652478350246249
 -0.1535476914119503
 -0.1068029394844062
 -0.1622392400535942
 -0.07756543528676922
 0.04277896379515517
 -0.1362820744393238
 -0.1226183603577684
 -0.02880351448101609
 -0.1459027693217407
 -0.04156327611611613
 -0.1137183572387361
 -0.007548055016639018
 -0.1120085104799112
 0.1395021460813681
 0.100033618952217
 0.09615309861926566
 0.05740996963246525
 0.09578442816414205
 0.04491905759566821
 -0.02045768543162706
 0.08321640236567929
 0.07262982627691891
 0.008699527603278658
 0.08887989225105307
 0.01054522312200447
 0.06131874260164758
 -0.001886150181845071
 0.06736130534025053
 -0.009874046480542822
 -0.003931596096815711
 -0.005288361974327174
 -0.0009040211404336259
 -0.00704931312223138
 -0.004216248712686642
 0.000766290391408155
